DIM 7 15 6 22 12 28 10 36
DIM 25 14 10 19 25 20 30 32
DIM 5 50 8 25 7 74 9 50
DIM 27 53 7 20 30 53 31 72
DIM 12 82 12 21 12 93 23 85
INI INI
PAS 24 20 23 20 22 20 21 20 20 20 19 20 18 20 17 20 16 20 15 20 14 20 13 20 13 21 13 22 13 23 13 24 13 25 13 26 13 27 13 28
PAS 30 33 30 34 30 35 30 36 30 37 30 38 30 39 30 40 30 41 30 42 30 43 30 44 30 45 30 46 30 47 30 48 30 49 30 50 30 51 30 52
PAS 31 73 31 74 31 75 31 76 31 77 31 78 31 79 31 80 31 81 31 82 31 83 31 84 31 85 30 85 29 85 28 85 27 85 26 85 25 85 24 85
PAS 7 75 7 76 7 77 7 78 7 79 7 80 7 81 7 82 7 83 7 84 7 85 7 86 7 87 7 88 7 89 7 90 7 91 7 92 7 93 8 93 9 93 10 93 11 93
PAS 10 37 10 38 10 39 10 40 10 41 10 42 10 43 10 44 10 45 10 46 10 47 10 48 10 49 9 49
