DIM 3 16 13 18 10 33 15 20
DIM 20 8 12 22 20 15 25 29
DIM 5 50 10 25 7 74 9 50
DIM 27 42 8 28 30 42 32 69
DIM 13 85 14 23 26 90 13 95
INI INI
PAS 10 34 10 35 10 36 10 37 10 38 10 39 10 40 10 41 10 42 10 43 10 44 10 45 10 46 10 47 10 48 10 49 9 49
PAS 16 20 17 20 18 20 19 20 19 19 19 18 19 17 19 16 19 15
PAS 25 30 25 31 25 32 25 33 25 34 25 35 25 36 25 37 25 38 25 39 25 40 25 41 26 41 27 41 28 41 29 41 30 41
PAS 32 70 32 71 32 72 32 73 32 74 32 75 32 76 32 77 32 78 32 79 32 80 32 81 32 82 32 83 32 84 32 85 32 86 32 87 32 88 32 89 32 90 31 90 30 90 29 90 28 90 27 90
PAS 7 75 7 76 7 77 7 78 7 79 7 80 7 81 7 82 7 83 7 84 7 85 7 86 7 87 7 88 7 89 7 90 7 91 7 92 7 93 7 94 7 95 8 95 9 95 10 95 11 95 12 95
