DIM 7 15 6 22 12 28 10 36
DIM 25 14 10 19 25 20 30 32
DIM 5 50 8 25 7 74 9 50 12 70
DIM 27 53 7 20 30 53 31 72 27 55
DIM 6 82 11 15 9 82 16 88
DIM 25 85 8 13 25 90 30 85
INI INI
PAS 24 20 23 20 22 20 21 20 20 20 19 20 18 20 17 20 16 20 15 20 14 20 13 20 13 21 13 22 13 23 13 24 13 25 13 26 13 27 13 28
PAS 30 33 30 34 30 35 30 36 30 37 30 38 30 39 30 40 30 41 30 42 30 43 30 44 30 45 30 46 30 47 30 48 30 49 30 50 30 51 30 52
PAS 10 37 10 38 10 39 10 40 10 41 10 42 10 43 10 44 10 45 10 46 10 47 10 48 10 49 9 49
PAS 13 70 14 70 15 70 16 70 17 70 18 70 19 70 20 70 21 70 22 70 23 70 24 70 25 70 26 70 26 69 26 68 26 67 26 66 26 65 26 64 26 63 26 62 26 61 26 60 26 59 26 58 26 57 26 56 26 55
PAS 7 75 7 76 7 77 7 78 7 79 7 80 7 81 8 81 9 81
PAS 17 88 18 88 19 88 20 88 21 88 22 88 23 88 24 88 24 89 24 90
PAS 31 73 31 74 31 75 31 76 31 77 31 78 31 79 31 80 31 81 31 82 31 83 31 84 30 84
