DIM 3 16 13 18 10 33 15 20
DIM 20 8 12 22 20 15 25 29
DIM 5 50 10 25 7 74 9 50 14 70
DIM 27 42 8 28 30 42 32 69 27 65
DIM 3 85 10 19 8 85 12 92
DIM 23 82 12 23 26 82 23 88
INI INI
PAS 10 34 10 35 10 36 10 37 10 38 10 39 10 40 10 41 10 42 10 43 10 44 10 45 10 46 10 47 10 48 10 49 9 49
PAS 16 20 17 20 18 20 19 20 19 19 19 18 19 17 19 16 19 15
PAS 25 30 25 31 25 32 25 33 25 34 25 35 25 36 25 37 25 38 25 39 25 40 25 41 26 41 27 41 28 41 29 41 30 41
PAS 32 70 32 71 32 72 32 73 32 74 32 75 32 76 32 77 32 78 32 79 32 80 32 81 31 81 30 81 29 81 28 81 27 81 26 81
PAS 22 88 21 88 20 88 19 88 18 88 17 88 16 88 15 88 14 88 13 88 13 89 13 90 13 91 13 92
PAS 7 75 7 76 7 77 7 78 7 79 7 80 7 81 7 82 7 83 7 84 8 84
PAS 26 65 25 65 24 65 23 65 22 65 21 65 20 65 19 65 18 65 17 65 16 65 15 65 15 66 15 67 15 68 15 69 15 70
